[0.01300434]
[0.00656828]
[0.00813047]
[0.00308615]
[0.00196545]
[0.08771463]
[0.01681571]
[0.2569953]
[0.06738979]
[0.0459367]
[0.25620446]
[0.02068624]
[0.29447365]
[0.25877473]
[0.04116214]
[0.02495142]
[0.04517444]
[0.24208798]
[0.49440643]
[0.01912675]
[0.02064473]
[0.72741324]
[0.34305662]
[0.03689162]
[0.02852807]
[0.42566192]
[0.03802882]
[0.3726963]
[0.9107569]
[0.06283131]
[0.04383117]
[0.01266436]
[0.01178396]
[0.86281484]
[0.30516937]
[0.05641114]
[0.48230708]
[0.09215987]
[0.01505853]
[0.8628644]
[0.2476505]
[0.21624742]
[0.94169724]
[0.8577106]
[0.9395378]
[0.9260506]
[0.98752606]
[0.0340379]
[0.9866346]
[0.4399825]
